22211
2121
6446
33133
54545
213121
22211
2121
6446
33133
54545
213121
22211
2121
6446
33133
54545
213121
22211
2121
6446
33133
54545
213121
22211
2121
6446
33133
54545
213121
22211
2121
6446
33133
54545
213121
22211
2121
6446
33133
54545
213121
22211
2121
6446
33133
54545
213121
22211
2121
6446
33133
54545
213121
22211
2121
6446
33133
54545
213121
22211
2121
6446
33133
54545
213121
22211
2121
6446
33133
54545
213121
22211
2121
6446
33133
54545
213121
22211
2121
6446
33133
54545
213121
22211
2121
6446
33133
54545
213121
22211
2121
6446
33133
54545
213121
22211
2121
6446
33133
54545
213121
22211
2121
6446
33133
54545
213121
22211
2121
6446
33133
54545
213121
22211
2121
6446
33133
54545
213121
22211
2121
6446
33133
54545
213121
22211
2121
6446
33133
54545
213121

